{
 "cells": [
  {
   "cell_type": "code",
   "execution_count": 51,
   "metadata": {},
   "outputs": [],
   "source": [
    "import pandas as pd\n",
    "\n",
    "# Read the .csv file\n",
    "df = pd.read_csv('../data/cleaned/appended_data.csv')\n",
    "\n",
    "# Filter the rows where Postal Code is not a 4-digit number\n",
    "invalid_postal_codes = df[~df['Postal Code'].astype(str).str.match(r'^\\d{4}$')]\n",
    "\n",
    "# Delete the rows with invalid Postal Codes\n",
    "df = df.drop(invalid_postal_codes.index)\n",
    "\n",
    "# Save the updated DataFrame as a new file\n",
    "df.to_csv('rawdata2.csv', index=False)\n"
   ]
  },
  {
   "cell_type": "markdown",
   "metadata": {},
   "source": [
    "**Time to mess with our data**"
   ]
  },
  {
   "cell_type": "code",
   "execution_count": 109,
   "metadata": {},
   "outputs": [
    {
     "name": "stderr",
     "output_type": "stream",
     "text": [
      "C:\\Users\\Meowsu\\AppData\\Local\\Temp\\ipykernel_15496\\3654629580.py:5: DtypeWarning:\n",
      "\n",
      "Columns (30) have mixed types. Specify dtype option on import or set low_memory=False.\n",
      "\n"
     ]
    },
    {
     "data": {
      "application/vnd.plotly.v1+json": {
       "config": {
        "plotlyServerURL": "https://plot.ly"
       },
       "data": [
        {
         "colorscale": [
          [
           0,
           "#440154"
          ],
          [
           0.1111111111111111,
           "#482878"
          ],
          [
           0.2222222222222222,
           "#3e4989"
          ],
          [
           0.3333333333333333,
           "#31688e"
          ],
          [
           0.4444444444444444,
           "#26828e"
          ],
          [
           0.5555555555555556,
           "#1f9e89"
          ],
          [
           0.6666666666666666,
           "#35b779"
          ],
          [
           0.7777777777777778,
           "#6ece58"
          ],
          [
           0.8888888888888888,
           "#b5de2b"
          ],
          [
           1,
           "#fde725"
          ]
         ],
         "type": "heatmap",
         "x": [
          "ID",
          "Postal Code",
          "Build Year",
          "Facades",
          "Habitable Surface",
          "Price",
          "Bedroom Count",
          "Bathroom Count",
          "Toilet Count",
          "Room Count",
          "Kitchen Surface",
          "Kitchen",
          "Kitchen Type",
          "Furnished",
          "Openfire",
          "Fireplace Count",
          "Terrace",
          "Terrace Surface",
          "Garden Exists",
          "Garden Surface",
          "Swimming Pool",
          "State of Building",
          "Living Surface",
          "EPC",
          "Cadastral Income",
          "Latitude",
          "Longitude",
          "Consumption",
          "Price per sqm"
         ],
         "y": [
          "ID",
          "Postal Code",
          "Build Year",
          "Facades",
          "Habitable Surface",
          "Price",
          "Bedroom Count",
          "Bathroom Count",
          "Toilet Count",
          "Room Count",
          "Kitchen Surface",
          "Kitchen",
          "Kitchen Type",
          "Furnished",
          "Openfire",
          "Fireplace Count",
          "Terrace",
          "Terrace Surface",
          "Garden Exists",
          "Garden Surface",
          "Swimming Pool",
          "State of Building",
          "Living Surface",
          "EPC",
          "Cadastral Income",
          "Latitude",
          "Longitude",
          "Consumption",
          "Price per sqm"
         ],
         "z": [
          [
           1,
           -0.09927418479030817,
           -0.10154316462072124,
           0.017302111739309903,
           0.010320535356498753,
           -0.013669959089041762,
           0.030529325425526086,
           -0.0026238631677667906,
           0.002402966645015215,
           0.0020284023818715816,
           0.005500592761941893,
           0.08736137925559542,
           -0.006260813770831316,
           0.02793362541548285,
           0.0464338628833409,
           0.04421363008698202,
           0.07417482889369068,
           0.009814933087017492,
           0.06661863985557913,
           0.0006340476804688462,
           0.0052346499521235875,
           -0.06501233450326317,
           -0.00014457605912124777,
           0.07862552781515905,
           -0.003660795030908841,
           0.005397444762537309,
           0.07709135497392608,
           0.0029145384584624255,
           -0.06335671288211027
          ],
          [
           -0.09927418479030817,
           1,
           0.09855422029882359,
           0.0734367550809667,
           -0.005001737527395807,
           -0.038780794320472836,
           0.011813540409588595,
           -0.059921906547374434,
           -0.0017641516733731767,
           -0.0015109116345816483,
           0.0048163544622697365,
           -0.1401451952637402,
           0.0039875029485841465,
           -0.02568555302225326,
           -0.06112869145595157,
           -0.06085577140563959,
           -0.13672404728129267,
           -0.05082886551545177,
           -0.06443586233593578,
           -0.005320918269894453,
           -0.03070538624337541,
           -0.06936563110725603,
           -0.0032191431836847886,
           -0.11681509825893203,
           -0.00006156052981758806,
           0.02841190810226261,
           -0.5392609094643039,
           -0.004968721541411257,
           0.008242807748275014
          ],
          [
           -0.10154316462072124,
           0.09855422029882359,
           1,
           0.02963290307885479,
           -0.14244340358837415,
           -0.028934470270236844,
           -0.1213209663693138,
           -0.08730566338728903,
           -0.002925589181492229,
           -0.002322565595996058,
           -0.024822310005702834,
           -0.01753646078500307,
           0.1907533519279006,
           0.006382846148961115,
           -0.04387060119101575,
           -0.046364471793728844,
           0.0918191016768586,
           0.010627411221026926,
           -0.08807447948555011,
           -0.04337822624186513,
           -0.0058347333144765255,
           0.2693551680831975,
           0.017146388868600503,
           -0.33835238763841796,
           -0.005297971536576872,
           0.06367327724125091,
           -0.08411882725046156,
           -0.007408402882710881,
           0.11278117076086455
          ],
          [
           0.017302111739309903,
           0.0734367550809667,
           0.02963290307885479,
           1,
           0.07269285321649273,
           0.14598566906329943,
           0.12581347911442883,
           0.03663665043166564,
           0.0009203590696733673,
           0.0007587044581776386,
           0.007076715513756731,
           -0.04503499135560952,
           0.024817061039656956,
           -0.04659176617229866,
           0.0845933069873924,
           0.08767582108136791,
           -0.01829068475604769,
           0.049389428740203106,
           0.04748208517396186,
           0.0493003205642181,
           0.15568913340334883,
           -0.02518533402410559,
           0.016778890477273156,
           0.022961536579729398,
           0.0245460729121109,
           -0.05943851753080264,
           0.05121768697790745,
           0.011463855069006363,
           -0.1358466293600321
          ],
          [
           0.010320535356498753,
           -0.005001737527395807,
           -0.14244340358837415,
           0.07269285321649273,
           1,
           0.21416774990126802,
           0.2438538487622812,
           0.1998077609693318,
           0.0037987725127160135,
           0.003485794278405944,
           0.02457596411410587,
           0.0008465978966955103,
           0.006277940911885757,
           -0.0025769312256512145,
           0.03786240193005125,
           0.04192661455416996,
           -0.021632556938435597,
           0.04733530921320994,
           0.03909859073543292,
           0.04527304129157018,
           0.0689275832874345,
           -0.0388056738230471,
           0.035944394971709405,
           0.02534753623173894,
           0.0022568951927917744,
           -0.009254736157566655,
           0.040782393549162306,
           0.0005419639474425187,
           -0.13796202670673322
          ],
          [
           -0.013669959089041762,
           -0.038780794320472836,
           -0.028934470270236844,
           0.14598566906329943,
           0.21416774990126802,
           1,
           0.3436238199553852,
           0.3679120980223541,
           0.001009912970986854,
           0.0008663845593830218,
           0.021544136493356725,
           0.027739378150881143,
           0.2090200424205165,
           0.029751248100397948,
           0.05481835734820909,
           0.05932588639259089,
           0.021919165130224492,
           0.1011718343032976,
           0.025188081846495614,
           0.07070658733401382,
           0.20385303731308463,
           0.10697349163903533,
           0.04117789118481602,
           -0.1169001679671849,
           0.0030334566351444075,
           0.22575340554552484,
           -0.12032181944882092,
           0.000905458358432002,
           0.3728080878778908
          ],
          [
           0.030529325425526086,
           0.011813540409588595,
           -0.1213209663693138,
           0.12581347911442883,
           0.2438538487622812,
           0.3436238199553852,
           1,
           0.4992969814986494,
           0.005505304961088265,
           0.003773908346079708,
           0.016011224365361395,
           0.018663101633130143,
           -0.024445953667532598,
           -0.004074958762854153,
           0.07688050912891514,
           0.07977335199819303,
           -0.029734806323392,
           0.03907019280982542,
           0.1186092004112621,
           0.059016845171375516,
           0.084642796511461,
           -0.10510023229154256,
           0.02779438438041496,
           0.10210920948239317,
           0.00429000627033999,
           -0.031614746942614874,
           0.03528808921912129,
           0.0048921169598789786,
           -0.2147462815990928
          ],
          [
           -0.0026238631677667906,
           -0.059921906547374434,
           -0.08730566338728903,
           0.03663665043166564,
           0.1998077609693318,
           0.3679120980223541,
           0.4992969814986494,
           1,
           0.002570616672841988,
           0.0019703207259620967,
           0.010702799054738296,
           0.017291692938684905,
           0.049385967259944194,
           0.050557994632234475,
           0.021666251488036962,
           0.026633566865794146,
           0.007424807930420701,
           0.054847605470120755,
           0.03826787647448564,
           0.06698568802049054,
           0.09913413891761814,
           0.007462181913063436,
           0.019233078739235143,
           -0.0009111519265343639,
           0.0022179847871073937,
           -0.00027329361550792184,
           0.018655123587649734,
           -0.001548039739743173,
           0.041145340158275444
          ],
          [
           0.002402966645015215,
           -0.0017641516733731767,
           -0.002925589181492229,
           0.0009203590696733673,
           0.0037987725127160135,
           0.001009912970986854,
           0.005505304961088265,
           0.002570616672841988,
           1,
           0.9999999887802895,
           0.0001958760518205371,
           0.0028175388028672567,
           0.005447962100508544,
           -0.0005686021892866415,
           -0.0010548779451812985,
           -0.0009977252018629195,
           0.0032653428065812567,
           0.004727253634433304,
           -0.002220716615921538,
           -0.0001827503847016061,
           -0.0005786997492083473,
           -0.0015393344478444367,
           -0.000293040752057458,
           0.0015934818396035825,
           -0.00004605171732554256,
           -0.0020661461081361064,
           0.0044590576108354905,
           -0.000030506403616860924,
           -0.004234991933245017
          ],
          [
           0.0020284023818715816,
           -0.0015109116345816483,
           -0.002322565595996058,
           0.0007587044581776386,
           0.003485794278405944,
           0.0008663845593830218,
           0.003773908346079708,
           0.0019703207259620967,
           0.9999999887802895,
           1,
           0.0001917250323324459,
           0.003010864180999279,
           0.0049436316535300005,
           -0.00043724523240899684,
           -0.0007846970491603492,
           -0.0007455567183801148,
           0.002878055378193349,
           0.0043928242857292086,
           -0.0016635751420520802,
           -0.00013094485221269248,
           -0.0004322908605142898,
           -0.0013626823059086294,
           -0.00028071540139460675,
           0.0014136273112411845,
           -0.000037001147653840394,
           -0.0018278682301447378,
           0.0035046925267446277,
           -0.000019685560177353443,
           -0.0036901298457950116
          ],
          [
           0.005500592761941893,
           0.0048163544622697365,
           -0.024822310005702834,
           0.007076715513756731,
           0.02457596411410587,
           0.021544136493356725,
           0.016011224365361395,
           0.010702799054738296,
           0.0001958760518205371,
           0.0001917250323324459,
           1,
           0.0055673817164534406,
           0.01495271728513935,
           0.05025704985679785,
           0.0036420369581916323,
           0.004392641622280458,
           -0.000707753355800993,
           0.0073990567181811025,
           0.01386031872262682,
           0.00436443825397452,
           0.005430760265308224,
           0.010831000086097935,
           0.8414696091478596,
           -0.007888154164574989,
           0.019536595877606103,
           -0.0020428122301557336,
           0.01343136188122513,
           -0.0002443752552664233,
           -0.015077719808209338
          ],
          [
           0.08736137925559542,
           -0.1401451952637402,
           -0.01753646078500307,
           -0.04503499135560952,
           0.0008465978966955103,
           0.027739378150881143,
           0.018663101633130143,
           0.017291692938684905,
           0.0028175388028672567,
           0.003010864180999279,
           0.0055673817164534406,
           1,
           null,
           0.03642199666779437,
           0.0825563690934951,
           0.0763383025138104,
           0.2036893164676627,
           0.08062050945876095,
           0.12280495281410733,
           0.010568406546850023,
           0.0610460144266278,
           0.14021866089606047,
           0.0028331726495695983,
           0.023769485801867916,
           -0.002142425240702539,
           -0.09348392506277697,
           0.12718420045265572,
           0.003432680302140353,
           -0.05722841465273195
          ],
          [
           -0.006260813770831316,
           0.0039875029485841465,
           0.1907533519279006,
           0.024817061039656956,
           0.006277940911885757,
           0.2090200424205165,
           -0.024445953667532598,
           0.049385967259944194,
           0.005447962100508544,
           0.0049436316535300005,
           0.01495271728513935,
           null,
           1,
           0.028878461763816695,
           -0.04368025500053154,
           -0.03960472035352618,
           0.09967333866317576,
           0.04966901584259619,
           -0.05215222391518073,
           -0.0015463380953334666,
           0.07510634058919131,
           0.4871295783074502,
           0.018992303945040163,
           -0.30173845000550303,
           -0.011169245799967066,
           0.25984636903967256,
           -0.19978043500424095,
           0.000040261597665013705,
           0.2594202388932638
          ],
          [
           0.02793362541548285,
           -0.02568555302225326,
           0.006382846148961115,
           -0.04659176617229866,
           -0.0025769312256512145,
           0.029751248100397948,
           -0.004074958762854153,
           0.050557994632234475,
           -0.0005686021892866415,
           -0.00043724523240899684,
           0.05025704985679785,
           0.03642199666779437,
           0.028878461763816695,
           1,
           0.010461268070641036,
           0.011197112564027778,
           0.0021468717071332507,
           0.008532566189774705,
           -0.0033959447908949634,
           0.02360018817586752,
           0.017218273175065645,
           0.0762206961341803,
           0.03496329149503268,
           -0.00523763415840859,
           0.0011073254153243155,
           -0.016519381359448443,
           -0.0028184838672410347,
           -0.0006591273413294391,
           0.15789049474758743
          ],
          [
           0.0464338628833409,
           -0.06112869145595157,
           -0.04387060119101575,
           0.0845933069873924,
           0.03786240193005125,
           0.05481835734820909,
           0.07688050912891514,
           0.021666251488036962,
           -0.0010548779451812985,
           -0.0007846970491603492,
           0.0036420369581916323,
           0.0825563690934951,
           -0.04368025500053154,
           0.010461268070641036,
           1,
           0.9530405829994818,
           0.05043539217362016,
           0.03580621005419416,
           0.12783364222244742,
           0.014903727666145557,
           0.06564799032440487,
           -0.06792937899484881,
           0.013312811089239913,
           0.06757533387731303,
           0.015664251334521297,
           0.02509720466345122,
           0.049755637142816674,
           0.016518407246240034,
           -0.07460358603911216
          ],
          [
           0.04421363008698202,
           -0.06085577140563959,
           -0.046364471793728844,
           0.08767582108136791,
           0.04192661455416996,
           0.05932588639259089,
           0.07977335199819303,
           0.026633566865794146,
           -0.0009977252018629195,
           -0.0007455567183801148,
           0.004392641622280458,
           0.0763383025138104,
           -0.03960472035352618,
           0.011197112564027778,
           0.9530405829994818,
           1,
           0.046010604208310844,
           0.038931190399583045,
           0.12444035135598519,
           0.015225541729471418,
           0.06540955367437667,
           -0.06277279891531548,
           0.013706922907157831,
           0.06713663334870311,
           0.014565801381603032,
           0.022015092629010982,
           0.049025805751390955,
           0.015009719053286278,
           -0.07111901252815543
          ],
          [
           0.07417482889369068,
           -0.13672404728129267,
           0.0918191016768586,
           -0.01829068475604769,
           -0.021632556938435597,
           0.021919165130224492,
           -0.029734806323392,
           0.007424807930420701,
           0.0032653428065812567,
           0.002878055378193349,
           -0.000707753355800993,
           0.2036893164676627,
           0.09967333866317576,
           0.0021468717071332507,
           0.05043539217362016,
           0.046010604208310844,
           1,
           0.2659641859101308,
           0.13290246692240587,
           0.016238527551897936,
           0.05328016241682023,
           0.21967977391415175,
           0.007514840759394533,
           -0.1171078934997223,
           -0.0037116206746402374,
           0.006219167559303419,
           0.0784443619384282,
           -0.005293804842260383,
           -0.0681447700480911
          ],
          [
           0.009814933087017492,
           -0.05082886551545177,
           0.010627411221026926,
           0.049389428740203106,
           0.04733530921320994,
           0.1011718343032976,
           0.03907019280982542,
           0.054847605470120755,
           0.004727253634433304,
           0.0043928242857292086,
           0.0073990567181811025,
           0.08062050945876095,
           0.04966901584259619,
           0.008532566189774705,
           0.03580621005419416,
           0.038931190399583045,
           0.2659641859101308,
           1,
           0.09853636010562367,
           0.06650491358897868,
           0.07566403301087271,
           0.07185274147280869,
           0.01206284393103215,
           -0.029955104903369154,
           -0.0003407698431142016,
           -0.010590016969302082,
           0.03657149386771815,
           -0.001329456416408292,
           -0.08235730909467898
          ],
          [
           0.06661863985557913,
           -0.06443586233593578,
           -0.08807447948555011,
           0.04748208517396186,
           0.03909859073543292,
           0.025188081846495614,
           0.1186092004112621,
           0.03826787647448564,
           -0.002220716615921538,
           -0.0016635751420520802,
           0.01386031872262682,
           0.12280495281410733,
           -0.05215222391518073,
           -0.0033959447908949634,
           0.12783364222244742,
           0.12444035135598519,
           0.13290246692240587,
           0.09853636010562367,
           1,
           0.0935827762794403,
           0.059591210548752056,
           -0.05639117380793417,
           0.01206567179494067,
           0.10768768544205748,
           0.00816586995234447,
           -0.06493031247311337,
           0.1080382737077257,
           -0.002426999550132624,
           -0.38303392961432664
          ],
          [
           0.0006340476804688462,
           -0.005320918269894453,
           -0.04337822624186513,
           0.0493003205642181,
           0.04527304129157018,
           0.07070658733401382,
           0.059016845171375516,
           0.06698568802049054,
           -0.0001827503847016061,
           -0.00013094485221269248,
           0.00436443825397452,
           0.010568406546850023,
           -0.0015463380953334666,
           0.02360018817586752,
           0.014903727666145557,
           0.015225541729471418,
           0.016238527551897936,
           0.06650491358897868,
           0.0935827762794403,
           1,
           0.033052572448970405,
           -0.010576174726113465,
           0.007230995189993935,
           0.01528569744167737,
           0.0010895669182939233,
           -0.02552037578431878,
           0.029368076674565462,
           -0.00021979892876204682,
           -0.10236934488034095
          ],
          [
           0.0052346499521235875,
           -0.03070538624337541,
           -0.0058347333144765255,
           0.15568913340334883,
           0.0689275832874345,
           0.20385303731308463,
           0.084642796511461,
           0.09913413891761814,
           -0.0005786997492083473,
           -0.0004322908605142898,
           0.005430760265308224,
           0.0610460144266278,
           0.07510634058919131,
           0.017218273175065645,
           0.06564799032440487,
           0.06540955367437667,
           0.05328016241682023,
           0.07566403301087271,
           0.059591210548752056,
           0.033052572448970405,
           1,
           0.053549937885451565,
           0.008951291516865105,
           -0.020131125696199608,
           0.0020892877818901334,
           -0.009608474710759768,
           0.023935046364560654,
           -0.0007128447564118581,
           -0.019320270196590092
          ],
          [
           -0.06501233450326317,
           -0.06936563110725603,
           0.2693551680831975,
           -0.02518533402410559,
           -0.0388056738230471,
           0.10697349163903533,
           -0.10510023229154256,
           0.007462181913063436,
           -0.0015393344478444367,
           -0.0013626823059086294,
           0.010831000086097935,
           0.14021866089606047,
           0.4871295783074502,
           0.0762206961341803,
           -0.06792937899484881,
           -0.06277279891531548,
           0.21967977391415175,
           0.07185274147280869,
           -0.05639117380793417,
           -0.010576174726113465,
           0.053549937885451565,
           1,
           0.01942423125923251,
           -0.5479569335417416,
           -0.00999824483558476,
           0.05213459100331145,
           0.013256042091317116,
           -0.007707814524113408,
           0.227182641493637
          ],
          [
           -0.00014457605912124777,
           -0.0032191431836847886,
           0.017146388868600503,
           0.016778890477273156,
           0.035944394971709405,
           0.04117789118481602,
           0.02779438438041496,
           0.019233078739235143,
           -0.000293040752057458,
           -0.00028071540139460675,
           0.8414696091478596,
           0.0028331726495695983,
           0.018992303945040163,
           0.03496329149503268,
           0.013312811089239913,
           0.013706922907157831,
           0.007514840759394533,
           0.01206284393103215,
           0.01206567179494067,
           0.007230995189993935,
           0.008951291516865105,
           0.01942423125923251,
           1,
           -0.018996335925147406,
           0.0006692615120327095,
           0.0026075372179102147,
           0.010990544648242433,
           -0.0011588166632710726,
           -0.005606609286826388
          ],
          [
           0.07862552781515905,
           -0.11681509825893203,
           -0.33835238763841796,
           0.022961536579729398,
           0.02534753623173894,
           -0.1169001679671849,
           0.10210920948239317,
           -0.0009111519265343639,
           0.0015934818396035825,
           0.0014136273112411845,
           -0.007888154164574989,
           0.023769485801867916,
           -0.30173845000550303,
           -0.00523763415840859,
           0.06757533387731303,
           0.06713663334870311,
           -0.1171078934997223,
           -0.029955104903369154,
           0.10768768544205748,
           0.01528569744167737,
           -0.020131125696199608,
           -0.5479569335417416,
           -0.018996335925147406,
           1,
           0.030944828691773982,
           -0.1618598865856202,
           0.09950987756287533,
           -0.0032950099507034155,
           -0.2582504222609509
          ],
          [
           -0.003660795030908841,
           -0.00006156052981758806,
           -0.005297971536576872,
           0.0245460729121109,
           0.0022568951927917744,
           0.0030334566351444075,
           0.00429000627033999,
           0.0022179847871073937,
           -0.00004605171732554256,
           -0.000037001147653840394,
           0.019536595877606103,
           -0.002142425240702539,
           -0.011169245799967066,
           0.0011073254153243155,
           0.015664251334521297,
           0.014565801381603032,
           -0.0037116206746402374,
           -0.0003407698431142016,
           0.00816586995234447,
           0.0010895669182939233,
           0.0020892877818901334,
           -0.00999824483558476,
           0.0006692615120327095,
           0.030944828691773982,
           1,
           -0.008411936737702425,
           0.012952405666736921,
           -0.0005429827988473801,
           -0.00639249370298302
          ],
          [
           0.005397444762537309,
           0.02841190810226261,
           0.06367327724125091,
           -0.05943851753080264,
           -0.009254736157566655,
           0.22575340554552484,
           -0.031614746942614874,
           -0.00027329361550792184,
           -0.0020661461081361064,
           -0.0018278682301447378,
           -0.0020428122301557336,
           -0.09348392506277697,
           0.25984636903967256,
           -0.016519381359448443,
           0.02509720466345122,
           0.022015092629010982,
           0.006219167559303419,
           -0.010590016969302082,
           -0.06493031247311337,
           -0.02552037578431878,
           -0.009608474710759768,
           0.05213459100331145,
           0.0026075372179102147,
           -0.1618598865856202,
           -0.008411936737702425,
           1,
           -0.284331599256283,
           -0.0018822788529637194,
           0.29884763156187377
          ],
          [
           0.07709135497392608,
           -0.5392609094643039,
           -0.08411882725046156,
           0.05121768697790745,
           0.040782393549162306,
           -0.12032181944882092,
           0.03528808921912129,
           0.018655123587649734,
           0.0044590576108354905,
           0.0035046925267446277,
           0.01343136188122513,
           0.12718420045265572,
           -0.19978043500424095,
           -0.0028184838672410347,
           0.049755637142816674,
           0.049025805751390955,
           0.0784443619384282,
           0.03657149386771815,
           0.1080382737077257,
           0.029368076674565462,
           0.023935046364560654,
           0.013256042091317116,
           0.010990544648242433,
           0.09950987756287533,
           0.012952405666736921,
           -0.284331599256283,
           1,
           -0.0014719532639306712,
           -0.25477987789005496
          ],
          [
           0.0029145384584624255,
           -0.004968721541411257,
           -0.007408402882710881,
           0.011463855069006363,
           0.0005419639474425187,
           0.000905458358432002,
           0.0048921169598789786,
           -0.001548039739743173,
           -0.000030506403616860924,
           -0.000019685560177353443,
           -0.0002443752552664233,
           0.003432680302140353,
           0.000040261597665013705,
           -0.0006591273413294391,
           0.016518407246240034,
           0.015009719053286278,
           -0.005293804842260383,
           -0.001329456416408292,
           -0.002426999550132624,
           -0.00021979892876204682,
           -0.0007128447564118581,
           -0.007707814524113408,
           -0.0011588166632710726,
           -0.0032950099507034155,
           -0.0005429827988473801,
           -0.0018822788529637194,
           -0.0014719532639306712,
           1,
           -0.00015148404168466637
          ],
          [
           -0.06335671288211027,
           0.008242807748275014,
           0.11278117076086455,
           -0.1358466293600321,
           -0.13796202670673322,
           0.3728080878778908,
           -0.2147462815990928,
           0.041145340158275444,
           -0.004234991933245017,
           -0.0036901298457950116,
           -0.015077719808209338,
           -0.05722841465273195,
           0.2594202388932638,
           0.15789049474758743,
           -0.07460358603911216,
           -0.07111901252815543,
           -0.0681447700480911,
           -0.08235730909467898,
           -0.38303392961432664,
           -0.10236934488034095,
           -0.019320270196590092,
           0.227182641493637,
           -0.005606609286826388,
           -0.2582504222609509,
           -0.00639249370298302,
           0.29884763156187377,
           -0.25477987789005496,
           -0.00015148404168466637,
           1
          ]
         ]
        }
       ],
       "layout": {
        "template": {
         "data": {
          "bar": [
           {
            "error_x": {
             "color": "#2a3f5f"
            },
            "error_y": {
             "color": "#2a3f5f"
            },
            "marker": {
             "line": {
              "color": "#E5ECF6",
              "width": 0.5
             },
             "pattern": {
              "fillmode": "overlay",
              "size": 10,
              "solidity": 0.2
             }
            },
            "type": "bar"
           }
          ],
          "barpolar": [
           {
            "marker": {
             "line": {
              "color": "#E5ECF6",
              "width": 0.5
             },
             "pattern": {
              "fillmode": "overlay",
              "size": 10,
              "solidity": 0.2
             }
            },
            "type": "barpolar"
           }
          ],
          "carpet": [
           {
            "aaxis": {
             "endlinecolor": "#2a3f5f",
             "gridcolor": "white",
             "linecolor": "white",
             "minorgridcolor": "white",
             "startlinecolor": "#2a3f5f"
            },
            "baxis": {
             "endlinecolor": "#2a3f5f",
             "gridcolor": "white",
             "linecolor": "white",
             "minorgridcolor": "white",
             "startlinecolor": "#2a3f5f"
            },
            "type": "carpet"
           }
          ],
          "choropleth": [
           {
            "colorbar": {
             "outlinewidth": 0,
             "ticks": ""
            },
            "type": "choropleth"
           }
          ],
          "contour": [
           {
            "colorbar": {
             "outlinewidth": 0,
             "ticks": ""
            },
            "colorscale": [
             [
              0,
              "#0d0887"
             ],
             [
              0.1111111111111111,
              "#46039f"
             ],
             [
              0.2222222222222222,
              "#7201a8"
             ],
             [
              0.3333333333333333,
              "#9c179e"
             ],
             [
              0.4444444444444444,
              "#bd3786"
             ],
             [
              0.5555555555555556,
              "#d8576b"
             ],
             [
              0.6666666666666666,
              "#ed7953"
             ],
             [
              0.7777777777777778,
              "#fb9f3a"
             ],
             [
              0.8888888888888888,
              "#fdca26"
             ],
             [
              1,
              "#f0f921"
             ]
            ],
            "type": "contour"
           }
          ],
          "contourcarpet": [
           {
            "colorbar": {
             "outlinewidth": 0,
             "ticks": ""
            },
            "type": "contourcarpet"
           }
          ],
          "heatmap": [
           {
            "colorbar": {
             "outlinewidth": 0,
             "ticks": ""
            },
            "colorscale": [
             [
              0,
              "#0d0887"
             ],
             [
              0.1111111111111111,
              "#46039f"
             ],
             [
              0.2222222222222222,
              "#7201a8"
             ],
             [
              0.3333333333333333,
              "#9c179e"
             ],
             [
              0.4444444444444444,
              "#bd3786"
             ],
             [
              0.5555555555555556,
              "#d8576b"
             ],
             [
              0.6666666666666666,
              "#ed7953"
             ],
             [
              0.7777777777777778,
              "#fb9f3a"
             ],
             [
              0.8888888888888888,
              "#fdca26"
             ],
             [
              1,
              "#f0f921"
             ]
            ],
            "type": "heatmap"
           }
          ],
          "heatmapgl": [
           {
            "colorbar": {
             "outlinewidth": 0,
             "ticks": ""
            },
            "colorscale": [
             [
              0,
              "#0d0887"
             ],
             [
              0.1111111111111111,
              "#46039f"
             ],
             [
              0.2222222222222222,
              "#7201a8"
             ],
             [
              0.3333333333333333,
              "#9c179e"
             ],
             [
              0.4444444444444444,
              "#bd3786"
             ],
             [
              0.5555555555555556,
              "#d8576b"
             ],
             [
              0.6666666666666666,
              "#ed7953"
             ],
             [
              0.7777777777777778,
              "#fb9f3a"
             ],
             [
              0.8888888888888888,
              "#fdca26"
             ],
             [
              1,
              "#f0f921"
             ]
            ],
            "type": "heatmapgl"
           }
          ],
          "histogram": [
           {
            "marker": {
             "pattern": {
              "fillmode": "overlay",
              "size": 10,
              "solidity": 0.2
             }
            },
            "type": "histogram"
           }
          ],
          "histogram2d": [
           {
            "colorbar": {
             "outlinewidth": 0,
             "ticks": ""
            },
            "colorscale": [
             [
              0,
              "#0d0887"
             ],
             [
              0.1111111111111111,
              "#46039f"
             ],
             [
              0.2222222222222222,
              "#7201a8"
             ],
             [
              0.3333333333333333,
              "#9c179e"
             ],
             [
              0.4444444444444444,
              "#bd3786"
             ],
             [
              0.5555555555555556,
              "#d8576b"
             ],
             [
              0.6666666666666666,
              "#ed7953"
             ],
             [
              0.7777777777777778,
              "#fb9f3a"
             ],
             [
              0.8888888888888888,
              "#fdca26"
             ],
             [
              1,
              "#f0f921"
             ]
            ],
            "type": "histogram2d"
           }
          ],
          "histogram2dcontour": [
           {
            "colorbar": {
             "outlinewidth": 0,
             "ticks": ""
            },
            "colorscale": [
             [
              0,
              "#0d0887"
             ],
             [
              0.1111111111111111,
              "#46039f"
             ],
             [
              0.2222222222222222,
              "#7201a8"
             ],
             [
              0.3333333333333333,
              "#9c179e"
             ],
             [
              0.4444444444444444,
              "#bd3786"
             ],
             [
              0.5555555555555556,
              "#d8576b"
             ],
             [
              0.6666666666666666,
              "#ed7953"
             ],
             [
              0.7777777777777778,
              "#fb9f3a"
             ],
             [
              0.8888888888888888,
              "#fdca26"
             ],
             [
              1,
              "#f0f921"
             ]
            ],
            "type": "histogram2dcontour"
           }
          ],
          "mesh3d": [
           {
            "colorbar": {
             "outlinewidth": 0,
             "ticks": ""
            },
            "type": "mesh3d"
           }
          ],
          "parcoords": [
           {
            "line": {
             "colorbar": {
              "outlinewidth": 0,
              "ticks": ""
             }
            },
            "type": "parcoords"
           }
          ],
          "pie": [
           {
            "automargin": true,
            "type": "pie"
           }
          ],
          "scatter": [
           {
            "fillpattern": {
             "fillmode": "overlay",
             "size": 10,
             "solidity": 0.2
            },
            "type": "scatter"
           }
          ],
          "scatter3d": [
