{
 "cells": [
  {
   "cell_type": "code",
   "execution_count": 51,
   "metadata": {},
   "outputs": [],
   "source": [
    "import pandas as pd\n",
    "\n",
    "# Read the .csv file\n",
    "df = pd.read_csv('../data/cleaned/appended_data.csv')\n",
    "\n",
    "# Filter the rows where Postal Code is not a 4-digit number\n",
    "invalid_postal_codes = df[~df['Postal Code'].astype(str).str.match(r'^\\d{4}$')]\n",
    "\n",
    "# Delete the rows with invalid Postal Codes\n",
    "df = df.drop(invalid_postal_codes.index)\n",
    "\n",
    "# Save the updated DataFrame as a new file\n",
    "df.to_csv('rawdata2.csv', index=False)\n"
   ]
  },
  {
   "cell_type": "markdown",
   "metadata": {},
   "source": [
    "**Time to mess with our data**"
   ]
  },
  {
   "cell_type": "code",
   "execution_count": 5,
   "metadata": {},
   "outputs": [
    {
     "data": {
      "application/vnd.plotly.v1+json": {
       "config": {
        "plotlyServerURL": "https://plot.ly"
       },
       "data": [
        {
         "colorscale": [
          [
           0,
           "#440154"
          ],
          [
           0.1111111111111111,
           "#482878"
          ],
          [
           0.2222222222222222,
           "#3e4989"
          ],
          [
           0.3333333333333333,
           "#31688e"
          ],
          [
           0.4444444444444444,
           "#26828e"
          ],
          [
           0.5555555555555556,
           "#1f9e89"
          ],
          [
           0.6666666666666666,
           "#35b779"
          ],
          [
           0.7777777777777778,
           "#6ece58"
          ],
          [
           0.8888888888888888,
           "#b5de2b"
          ],
          [
           1,
           "#fde725"
          ]
         ],
         "type": "heatmap",
         "x": [
          "id",
          "price",
          "zip_code",
          "latitude",
          "longitude",
          "construction_year",
          "total_area_sqm",
          "surface_land_sqm",
          "nbr_frontages",
          "nbr_bedrooms",
          "fl_furnished",
          "fl_open_fire",
          "fl_terrace",
          "terrace_sqm",
          "fl_garden",
          "garden_sqm",
          "fl_swimming_pool",
          "fl_floodzone",
          "primary_energy_consumption_sqm",
          "fl_double_glazing",
          "cadastral_income"
         ],
         "y": [
          "id",
          "price",
          "zip_code",
          "latitude",
          "longitude",
          "construction_year",
          "total_area_sqm",
          "surface_land_sqm",
          "nbr_frontages",
          "nbr_bedrooms",
          "fl_furnished",
          "fl_open_fire",
          "fl_terrace",
          "terrace_sqm",
          "fl_garden",
          "garden_sqm",
          "fl_swimming_pool",
          "fl_floodzone",
          "primary_energy_consumption_sqm",
          "fl_double_glazing",
          "cadastral_income"
         ],
         "z": [
          [
           1,
           0.0016804198265037524,
           -0.00023070424087756822,
           -0.00786219637701946,
           -0.0008440012948244117,
           -0.0037423317863320977,
           0.0007472296008313118,
           -0.0020349782198622077,
           0.001969478174075258,
           0.007056635150677892,
           -0.0017715054668817627,
           0.0014533862452819895,
           0.009789304665147394,
           0.00781504572018643,
           0.007326281885308326,
           -0.006257171973127573,
           -0.0003701530481749826,
           -0.0057653392207149745,
           -0.003068995711628655,
           0.00010512275690239437,
           0.0036862945115308516
          ],
          [
           0.0016804198265037524,
           1,
           -0.036044561497899676,
           0.16698401836792068,
           -0.09101349376185579,
           -0.025081005781078997,
           0.19964992296187165,
           0.1493600103836883,
           0.14603387824561437,
           0.3524474611233429,
           0.031234757490583805,
           -0.010961971500457099,
           0.031061408342784896,
           0.11434894936136289,
           0.03063206959927417,
           0.08717963395484338,
           0.19606697773112552,
           -0.06354519182438671,
           -0.0016719170026354825,
           0.0027908447158665846,
           0.0036023822818440476
          ],
          [
           -0.00023070424087756822,
           -0.036044561497899676,
           1,
           0.01082689037033086,
           -0.4880528212450225,
           0.13753773821925752,
           -0.005856240962805892,
           -0.003217493099348817,
           0.0515434648910012,
           0.0012027450247613389,
           -0.001186934040285579,
           -0.09963870575096744,
           -0.12852636726364022,
           -0.05312852522833588,
           -0.07934091639561035,
           -0.013770358773251149,
           -0.02180774795651583,
           -0.07490648042163532,
           0.004596006686959651,
           -0.03792595946314689,
           0.001506351708943977
          ],
          [
           -0.00786219637701946,
           0.16698401836792068,
           0.01082689037033086,
           1,
           -0.13761027798668532,
           0.05734113813790984,
           -0.051916306630007715,
           -0.018334046573451196,
           -0.10129033356559573,
           -0.07700870509864163,
           0.011586255691608677,
           -0.03395318687878797,
           -0.022108171290305127,
           -0.031077253894404303,
           -0.0890342874312611,
           -0.03523721536628787,
           -0.015264705474842327,
           -0.2531742939283938,
           0.005583117162894356,
           -0.016329484320919487,
           -0.007973932883109379
          ],
          [
           -0.0008440012948244117,
           -0.09101349376185579,
           -0.4880528212450225,
           -0.13761027798668532,
           1,
           -0.08201127842440183,
           0.05835347406770034,
           0.014593708362844826,
           0.08118218948821715,
           0.06547976078037894,
           -0.03163366521226096,
           0.10119048305018724,
           0.08173768181563151,
           0.047848732477795475,
           0.1268067870936308,
           0.03438033804819481,
           0.017021318541340542,
           0.14503476643140606,
           -0.006876029650087465,
           0.07027327297910296,
           0.0005989129402565868
          ],
          [
           -0.0037423317863320977,
           -0.025081005781078997,
           0.13753773821925752,
           0.05734113813790984,
           -0.08201127842440183,
           1,
           -0.21447620091577202,
           -0.049782729872013154,
           0.055386863215439855,
           -0.18681485191966862,
           -0.014820294649469663,
           -0.04789475937635034,
           0.1619446158967768,
           0.02338124188521735,
           -0.1323444898098857,
           -0.06696576711631563,
           -0.004522388551136279,
           0.008527208782448486,
           -0.0005788758574662601,
           0.02799945259394753,
           -0.0027163693726152314
          ],
          [
           0.0007472296008313118,
           0.19964992296187165,
           -0.005856240962805892,
           -0.051916306630007715,
           0.05835347406770034,
           -0.21447620091577202,
           1,
           0.07792344428188619,
           0.0716325336496161,
           0.2226914132159073,
           -0.005317917902328006,
           0.022973105932198944,
           -0.02129821452977894,
           0.05220081366026404,
           0.038903812606367494,
           0.03779520479142618,
           0.057952085942986745,
           0.004439738853577425,
           0.0007388740891253147,
           -0.0005650836650098053,
           0.0020822820293329566
          ],
          [
           -0.0020349782198622077,
           0.1493600103836883,
           -0.003217493099348817,
           -0.018334046573451196,
           0.014593708362844826,
           -0.049782729872013154,
           0.07792344428188619,
           1,
           0.09208918003796317,
           0.06905393785229848,
           0.007850090940227506,
           0.026664871727335986,
           -0.0006887234662531877,
           0.020172547642366097,
           -0.0032773387498271148,
           0.194631988147088,
           0.05471106005334526,
           0.006124557040728354,
           -0.0005320093254222692,
           -0.0024083655518847796,
           0.00019236409337607834
          ],
          [
           0.001969478174075258,
           0.14603387824561437,
           0.0515434648910012,
           -0.10129033356559573,
           0.08118218948821715,
           0.055386863215439855,
           0.0716325336496161,
           0.09208918003796317,
           1,
           0.14048306914057118,
           -0.045313949598826744,
           0.06650860493642,
           -0.004288788650872368,
           0.06719296712442568,
           0.09267038257324653,
           0.09625076427120466,
           0.15514028362732687,
           0.024071928892414902,
           0.008669031612631089,
           -0.02192796347702595,
           0.014352291026453867
          ],
          [
           0.007056635150677892,
           0.3524474611233429,
           0.0012027450247613389,
           -0.07700870509864163,
           0.06547976078037894,
           -0.18681485191966862,
           0.2226914132159073,
           0.06905393785229848,
           0.14048306914057118,
           1,
           -0.014372497987639761,
           0.04907777100506062,
           -0.026072018787625436,
           0.05350332886569455,
           0.14461407658063788,
           0.07535824293048385,
           0.08628265405806172,
           -0.008906339203645097,
           0.004022374194767039,
           0.01989363299456045,
           0.002155429839243171
          ],
          [
           -0.0017715054668817627,
           0.031234757490583805,
           -0.001186934040285579,
           0.011586255691608677,
           -0.03163366521226096,
           -0.014820294649469663,
           -0.005317917902328006,
           0.007850090940227506,
           -0.045313949598826744,
           -0.014372497987639761,
           1,
           -0.007816845856656148,
           0.0005187564620284783,
           0.008396962044691378,
           -0.01292569832878526,
           0.006181424061543592,
           0.015473436852310986,
           -0.025590399975101433,
           -0.0012659224644311347,
           0.01598798231753548,
           0.0006450567520477396
          ],
          [
           0.0014533862452819895,
           -0.010961971500457099,
           -0.09963870575096744,
           -0.03395318687878797,
           0.10119048305018724,
           -0.04789475937635034,
           0.022973105932198944,
           0.026664871727335986,
           0.06650860493642,
           0.04907777100506062,
           -0.007816845856656148,
           1,
           0.034689050913900496,
           0.028709186956067882,
           0.17093474881602191,
           0.03104578569575952,
           0.028191476361770166,
           0.02192528938123676,
           -0.004153068195322334,
           0.13911335109260883,
           0.009982769638185698
          ],
          [
           0.009789304665147394,
           0.031061408342784896,
           -0.12852636726364022,
           -0.022108171290305127,
           0.08173768181563151,
           0.1619446158967768,
           -0.02129821452977894,
           -0.0006887234662531877,
           -0.004288788650872368,
           -0.026072018787625436,
           0.0005187564620284783,
           0.034689050913900496,
           1,
           0.296241177087206,
           0.10754527745181523,
           0.030399492433139063,
           0.067098715623383,
           -0.0188914511619791,
           -0.004646508751981689,
           0.1086630678195071,
           -0.004661280394930826
          ],
          [
           0.00781504572018643,
           0.11434894936136289,
           -0.05312852522833588,
           -0.031077253894404303,
           0.047848732477795475,
           0.02338124188521735,
           0.05220081366026404,
           0.020172547642366097,
           0.06719296712442568,
           0.05350332886569455,
           0.008396962044691378,
           0.028709186956067882,
           0.296241177087206,
           1,
           0.11308717100745729,
           0.09264014038427545,
           0.08394533678021457,
           -0.02385685882870381,
           -0.0026887478676718905,
           0.04805675925286946,
           -0.0011866542358287553
          ],
          [
           0.007326281885308326,
           0.03063206959927417,
           -0.07934091639561035,
           -0.0890342874312611,
           0.1268067870936308,
           -0.1323444898098857,
           0.038903812606367494,
           -0.0032773387498271148,
           0.09267038257324653,
           0.14461407658063788,
           -0.01292569832878526,
           0.17093474881602191,
           0.10754527745181523,
           0.11308717100745729,
           1,
           0.17383628483956926,
           0.0662896782320208,
           -0.05573582062324243,
           -0.0032011826278916665,
           0.10205799820482042,
           0.007853191589451962
          ],
          [
           -0.006257171973127573,
           0.08717963395484338,
           -0.013770358773251149,
           -0.03523721536628787,
           0.03438033804819481,
           -0.06696576711631563,
           0.03779520479142618,
           0.194631988147088,
           0.09625076427120466,
           0.07535824293048385,
           0.006181424061543592,
           0.03104578569575952,
           0.030399492433139063,
           0.09264014038427545,
           0.17383628483956926,
           1,
           0.06583349536289235,
           -0.013658028172624983,
           -0.00026458858640130415,
           0.008463190057250708,
           0.001564059700580668
          ],
          [
           -0.0003701530481749826,
           0.19606697773112552,
           -0.02180774795651583,
           -0.015264705474842327,
           0.017021318541340542,
           -0.004522388551136279,
           0.057952085942986745,
           0.05471106005334526,
           0.15514028362732687,
           0.08628265405806172,
           0.015473436852310986,
           0.028191476361770166,
           0.067098715623383,
           0.08394533678021457,
           0.0662896782320208,
           0.06583349536289235,
           1,
           -0.00890280866193346,
           -0.0013460505851934472,
           0.047692647792149774,
           0.0010407791953327761
          ],
          [
           -0.0057653392207149745,
           -0.06354519182438671,
           -0.07490648042163532,
           -0.2531742939283938,
           0.14503476643140606,
           0.008527208782448486,
           0.004439738853577425,
           0.006124557040728354,
           0.024071928892414902,
           -0.008906339203645097,
           -0.025590399975101433,
           0.02192528938123676,
           -0.0188914511619791,
           -0.02385685882870381,
           -0.05573582062324243,
           -0.013658028172624983,
           -0.00890280866193346,
           1,
           -0.0022927029914739648,
           -0.18181400459187322,
           0.007607139872200856
          ],
          [
           -0.003068995711628655,
           -0.0016719170026354825,
           0.004596006686959651,
           0.005583117162894356,
           -0.006876029650087465,
           -0.0005788758574662601,
           0.0007388740891253147,
           -0.0005320093254222692,
           0.008669031612631089,
           0.004022374194767039,
           -0.0012659224644311347,
           -0.004153068195322334,
           -0.004646508751981689,
           -0.0026887478676718905,
           -0.0032011826278916665,
           -0.00026458858640130415,
           -0.0013460505851934472,
           -0.0022927029914739648,
           1,
           -0.001430090924997814,
           -0.000240969361611915
          ],
          [
           0.00010512275690239437,
           0.0027908447158665846,
           -0.03792595946314689,
           -0.016329484320919487,
           0.07027327297910296,
           0.02799945259394753,
           -0.0005650836650098053,
           -0.0024083655518847796,
           -0.02192796347702595,
           0.01989363299456045,
           0.01598798231753548,
           0.13911335109260883,
           0.1086630678195071,
           0.04805675925286946,
           0.10205799820482042,
           0.008463190057250708,
           0.047692647792149774,
           -0.18181400459187322,
           -0.001430090924997814,
           1,
           -0.012320280683977608
          ],
          [
           0.0036862945115308516,
           0.0036023822818440476,
           0.001506351708943977,
           -0.007973932883109379,
           0.0005989129402565868,
           -0.0027163693726152314,
           0.0020822820293329566,
           0.00019236409337607834,
           0.014352291026453867,
           0.002155429839243171,
           0.0006450567520477396,
           0.009982769638185698,
           -0.004661280394930826,
           -0.0011866542358287553,
           0.007853191589451962,
           0.001564059700580668,
           0.0010407791953327761,
           0.007607139872200856,
           -0.000240969361611915,
           -0.012320280683977608,
           1
          ]
         ]
        }
       ],
       "layout": {
        "template": {
         "data": {
          "bar": [
           {
            "error_x": {
             "color": "#2a3f5f"
            },
            "error_y": {
             "color": "#2a3f5f"
            },
            "marker": {
             "line": {
              "color": "#E5ECF6",
              "width": 0.5
             },
             "pattern": {
              "fillmode": "overlay",
              "size": 10,
              "solidity": 0.2
             }
            },
            "type": "bar"
           }
          ],
          "barpolar": [
           {
            "marker": {
             "line": {
              "color": "#E5ECF6",
              "width": 0.5
             },
             "pattern": {
              "fillmode": "overlay",
              "size": 10,
              "solidity": 0.2
             }
            },
            "type": "barpolar"
           }
          ],
          "carpet": [
           {
            "aaxis": {
             "endlinecolor": "#2a3f5f",
             "gridcolor": "white",
             "linecolor": "white",
             "minorgridcolor": "white",
             "startlinecolor": "#2a3f5f"
            },
            "baxis": {
             "endlinecolor": "#2a3f5f",
             "gridcolor": "white",
             "linecolor": "white",
             "minorgridcolor": "white",
             "startlinecolor": "#2a3f5f"
            },
            "type": "carpet"
           }
          ],
          "choropleth": [
           {
            "colorbar": {
             "outlinewidth": 0,
             "ticks": ""
            },
            "type": "choropleth"
           }
          ],
          "contour": [
           {
            "colorbar": {
             "outlinewidth": 0,
             "ticks": ""
            },
            "colorscale": [
             [
              0,
              "#0d0887"
             ],
             [
              0.1111111111111111,
              "#46039f"
             ],
             [
              0.2222222222222222,
              "#7201a8"
             ],
             [
              0.3333333333333333,
              "#9c179e"
             ],
             [
              0.4444444444444444,
              "#bd3786"
             ],
             [
              0.5555555555555556,
              "#d8576b"
             ],
             [
              0.6666666666666666,
              "#ed7953"
             ],
             [
              0.7777777777777778,
              "#fb9f3a"
             ],
             [
              0.8888888888888888,
              "#fdca26"
             ],
             [
              1,
              "#f0f921"
             ]
            ],
            "type": "contour"
           }
          ],
          "contourcarpet": [
           {
            "colorbar": {
             "outlinewidth": 0,
             "ticks": ""
            },
            "type": "contourcarpet"
           }
          ],
          "heatmap": [
           {
            "colorbar": {
             "outlinewidth": 0,
             "ticks": ""
            },
            "colorscale": [
             [
              0,
              "#0d0887"
             ],
             [
              0.1111111111111111,
              "#46039f"
             ],
             [
              0.2222222222222222,
              "#7201a8"
             ],
             [
              0.3333333333333333,
              "#9c179e"
             ],
             [
              0.4444444444444444,
              "#bd3786"
             ],
             [
              0.5555555555555556,
              "#d8576b"
             ],
             [
              0.6666666666666666,
              "#ed7953"
             ],
             [
              0.7777777777777778,
              "#fb9f3a"
             ],
             [
              0.8888888888888888,
              "#fdca26"
             ],
             [
              1,
              "#f0f921"
             ]
            ],
            "type": "heatmap"
           }
          ],
          "heatmapgl": [
           {
            "colorbar": {
             "outlinewidth": 0,
             "ticks": ""
            },
            "colorscale": [
             [
              0,
              "#0d0887"
             ],
             [
              0.1111111111111111,
              "#46039f"
             ],
             [
              0.2222222222222222,
              "#7201a8"
             ],
             [
              0.3333333333333333,
              "#9c179e"
             ],
             [
              0.4444444444444444,
              "#bd3786"
             ],
             [
              0.5555555555555556,
              "#d8576b"
             ],
             [
              0.6666666666666666,
              "#ed7953"
             ],
             [
              0.7777777777777778,
              "#fb9f3a"
             ],
             [
              0.8888888888888888,
              "#fdca26"
             ],
             [
              1,
              "#f0f921"
             ]
            ],
            "type": "heatmapgl"
           }
          ],
          "histogram": [
           {
            "marker": {
             "pattern": {
              "fillmode": "overlay",
              "size": 10,
              "solidity": 0.2
             }
            },
            "type": "histogram"
           }
          ],
          "histogram2d": [
           {
            "colorbar": {
             "outlinewidth": 0,
             "ticks": ""
            },
            "colorscale": [
             [
              0,
              "#0d0887"
             ],
             [
              0.1111111111111111,
              "#46039f"
             ],
             [
              0.2222222222222222,
              "#7201a8"
             ],
             [
              0.3333333333333333,
              "#9c179e"
             ],
             [
              0.4444444444444444,
              "#bd3786"
             ],
             [
              0.5555555555555556,
              "#d8576b"
             ],
             [
              0.6666666666666666,
              "#ed7953"
             ],
             [
              0.7777777777777778,
              "#fb9f3a"
             ],
             [
              0.8888888888888888,
              "#fdca26"
             ],
             [
              1,
              "#f0f921"
             ]
            ],
            "type": "histogram2d"
           }
          ],
          "histogram2dcontour": [
           {
            "colorbar": {
             "outlinewidth": 0,
             "ticks": ""
            },
            "colorscale": [
             [
              0,
              "#0d0887"
             ],
             [
              0.1111111111111111,
              "#46039f"
             ],
             [
              0.2222222222222222,
              "#7201a8"
             ],
             [
              0.3333333333333333,
              "#9c179e"
             ],
             [
              0.4444444444444444,
              "#bd3786"
             ],
             [
              0.5555555555555556,
              "#d8576b"
             ],
             [
              0.6666666666666666,
              "#ed7953"
             ],
             [
              0.7777777777777778,
              "#fb9f3a"
             ],
             [
              0.8888888888888888,
              "#fdca26"
             ],
             [
              1,
              "#f0f921"
             ]
            ],
            "type": "histogram2dcontour"
           }
          ],
          "mesh3d": [
           {
            "colorbar": {
             "outlinewidth": 0,
             "ticks": ""
            },
            "type": "mesh3d"
           }
          ],
          "parcoords": [
           {
            "line": {
             "colorbar": {
              "outlinewidth": 0,
              "ticks": ""
             }
            },
            "type": "parcoords"
           }
          ],
          "pie": [
           {
            "automargin": true,
            "type": "pie"
           }
          ],
          "scatter": [
           {
            "fillpattern": {
             "fillmode": "overlay",
             "size": 10,
             "solidity": 0.2
            },
            "type": "scatter"
           }
          ],
          "scatter3d": [
           {
            "line": {
             "colorbar": {
              "outlinewidth": 0,
              "ticks": ""
             }
            },
            "marker": {
             "colorbar": {
              "outlinewidth": 0,
              "ticks": ""
             }
            },
            "type": "scatter3d"
           }
          ],
          "scattercarpet": [
           {
            "marker": {
             "colorbar": {
              "outlinewidth": 0,
              "ticks": ""
             }
            },
            "type": "scattercarpet"
           }
          ],
          "scattergeo": [
           {
            "marker": {
             "colorbar": {
              "outlinewidth": 0,
              "ticks": ""
             }
            },
            "type": "scattergeo"
           }
          ],
          "scattergl": [
           {
            "marker": {
             "colorbar": {
              "outlinewidth": 0,
              "ticks": ""
             }
            },
            "type": "scattergl"
           }
          ],
          "scattermapbox": [
           {
            "marker": {
             "colorbar": {
              "outlinewidth": 0,
              "ticks": ""
             }
            },
            "type": "scattermapbox"
           }
          ],
          "scatterpolar": [
           {
            "marker": {
             "colorbar": {
              "outlinewidth": 0,
              "ticks": ""
             }
            },
            "type": "scatterpolar"
           }
          ],
          "scatterpolargl": [
           {
            "marker": {
             "colorbar": {
              "outlinewidth": 0,
              "ticks": ""
             }
            },
            "type": "scatterpolargl"
           }
          ],
          "scatterternary": [
           {
            "marker": {
             "colorbar": {
              "outlinewidth": 0,
              "ticks": ""
             }
            },
            "type": "scatterternary"
           }
          ],
          "surface": [
           {
            "colorbar": {
             "outlinewidth": 0,
             "ticks": ""
            },
            "colorscale": [
             [
              0,
              "#0d0887"
             ],
             [
              0.1111111111111111,
              "#46039f"
             ],
             [
              0.2222222222222222,
              "#7201a8"
             ],
             [
              0.3333333333333333,
              "#9c179e"
             ],
             [
              0.4444444444444444,
              "#bd3786"
             ],
             [
              0.5555555555555556,
              "#d8576b"
             ],
             [
              0.6666666666666666,
              "#ed7953"
             ],
             [
              0.7777777777777778,
              "#fb9f3a"
             ],
             [
              0.8888888888888888,
              "#fdca26"
             ],
             [
              1,
              "#f0f921"
             ]
            ],
            "type": "surface"
           }
          ],
          "table": [
           {
            "cells": {
             "fill": {
              "color": "#EBF0F8"
             },
             "line": {
              "color": "white"
             }
            },
            "header": {
             "fill": {
              "color": "#C8D4E3"
             },
             "line": {
              "color": "white"
             }
            },
            "type": "table"
           }
          ]
         },
         "layout": {
          "annotationdefaults": {
           "arrowcolor": "#2a3f5f",
           "arrowhead": 0,
           "arrowwidth": 1
          },
          "autotypenumbers": "strict",
          "coloraxis": {
           "colorbar": {
            "outlinewidth": 0,
            "ticks": ""
           }
          },
          "colorscale": {
           "diverging": [
            [
             0,
             "#8e0152"
            ],
            [
             0.1,
             "#c51b7d"
            ],
            [
             0.2,
             "#de77ae"
            ],
            [
             0.3,
             "#f1b6da"
            ],
            [
             0.4,
             "#fde0ef"
            ],
            [
             0.5,
             "#f7f7f7"
            ],
            [
             0.6,
             "#e6f5d0"
            ],
            [
             0.7,
             "#b8e186"
            ],
            [
             0.8,
             "#7fbc41"
            ],
            [
             0.9,
             "#4d9221"
            ],
            [
             1,
             "#276419"
            ]
           ],
           "sequential": [
            [
             0,
             "#0d0887"
            ],
            [
             0.1111111111111111,
             "#46039f"
            ],
            [
             0.2222222222222222,
             "#7201a8"
            ],
            [
             0.3333333333333333,
             "#9c179e"
            ],
            [
             0.4444444444444444,
             "#bd3786"
            ],
            [
             0.5555555555555556,
             "#d8576b"
            ],
            [
             0.6666666666666666,
             "#ed7953"
            ],
            [
             0.7777777777777778,
             "#fb9f3a"
            ],
            [
             0.8888888888888888,
             "#fdca26"
            ],
            [
             1,
             "#f0f921"
            ]
           ],
           "sequentialminus": [
            [
             0,
             "#0d0887"
            ],
            [
             0.1111111111111111,
             "#46039f"
            ],
            [
             0.2222222222222222,
             "#7201a8"
            ],
            [
             0.3333333333333333,
             "#9c179e"
            ],
            [
             0.4444444444444444,
             "#bd3786"
            ],
            [
             0.5555555555555556,
             "#d8576b"
            ],
            [
             0.6666666666666666,
             "#ed7953"
            ],
            [
             0.7777777777777778,
             "#fb9f3a"
            ],
            [
             0.8888888888888888,
             "#fdca26"
            ],
            [
             1,
             "#f0f921"
            ]
           ]
          },
          "colorway": [
           "#636efa",
           "#EF553B",
           "#00cc96",
           "#ab63fa",
           "#FFA15A",
           "#19d3f3",
           "#FF6692",
           "#B6E880",
           "#FF97FF",
           "#FECB52"
          ],
          "font": {
           "color": "#2a3f5f"
          },
          "geo": {
           "bgcolor": "white",
           "lakecolor": "white",
           "landcolor": "#E5ECF6",
           "showlakes": true,
           "showland": true,
           "subunitcolor": "white"
          },
          "hoverlabel": {
           "align": "left"
          },
          "hovermode": "closest",
          "mapbox": {
           "style": "light"
          },
          "paper_bgcolor": "white",
          "plot_bgcolor": "#E5ECF6",
          "polar": {
           "angularaxis": {
            "gridcolor": "white",
            "linecolor": "white",
            "ticks": ""
           },
           "bgcolor": "#E5ECF6",
           "radialaxis": {
            "gridcolor": "white",
            "linecolor": "white",
            "ticks": ""
           }
          },
          "scene": {
           "xaxis": {
            "backgroundcolor": "#E5ECF6",
            "gridcolor": "white",
            "gridwidth": 2,
            "linecolor": "white",
            "showbackground": true,
            "ticks": "",
            "zerolinecolor": "white"
           },
           "yaxis": {
            "backgroundcolor": "#E5ECF6",
            "gridcolor": "white",
            "gridwidth": 2,
            "linecolor": "white",
            "showbackground": true,
            "ticks": "",
            "zerolinecolor": "white"
           },
           "zaxis": {
            "backgroundcolor": "#E5ECF6",
            "gridcolor": "white",
            "gridwidth": 2,
            "linecolor": "white",
            "showbackground": true,
            "ticks": "",
            "zerolinecolor": "white"
           }
          },
          "shapedefaults": {
           "line": {
            "color": "#2a3f5f"
           }
          },
          "ternary": {
           "aaxis": {
            "gridcolor": "white",
            "linecolor": "white",
            "ticks": ""
           },
           "baxis": {
            "gridcolor": "white",
            "linecolor": "white",
            "ticks": ""
           },
           "bgcolor": "#E5ECF6",
           "caxis": {
            "gridcolor": "white",
            "linecolor": "white",
            "ticks": ""
           }
          },
          "title": {
           "x": 0.05
          },
          "xaxis": {
           "automargin": true,
           "gridcolor": "white",
           "linecolor": "white",
           "ticks": "",
           "title": {
            "standoff": 15
           },
           "zerolinecolor": "white",
           "zerolinewidth": 2
          },
          "yaxis": {
           "automargin": true,
           "gridcolor": "white",
           "linecolor": "white",
           "ticks": "",
           "title": {
            "standoff": 15
           },
           "zerolinecolor": "white",
           "zerolinewidth": 2
          }
         }
        },
        "title": {
         "text": "Correlation Matrix"
        },
        "xaxis": {
         "title": {
          "text": "Features"
         }
        },
        "yaxis": {
         "title": {
          "text": "Features"
         }
        }
       }
      }
     },
     "metadata": {},
     "output_type": "display_data"
    }
   ],
   "source": [
    "import pandas as pd\n",
    "import plotly.graph_objects as go\n",
    "\n",
    "# Read the .csv file\n",
    "data = pd.read_csv(\"../data/cleaned/properties.csv\")\n",
    "\n",
    "# Filter the dataframe to include only numeric columns\n",
    "numeric_df = data.select_dtypes(include=['int64', 'float64'])\n",
    "\n",
    "# Create a correlation matrix\n",
    "correlation_matrix = numeric_df.corr()\n",
    "\n",
    "# Create a heatmap using Plotly\n",
    "fig = go.Figure(data=go.Heatmap(\n",
    "                   z=correlation_matrix.values,\n",
    "                   x=correlation_matrix.columns,\n",
    "                   y=correlation_matrix.index,\n",
    "                   colorscale='Viridis'))\n",
    "\n",
    "# Set the title and axis labels\n",
    "fig.update_layout(title='Correlation Matrix',\n",
    "                  xaxis_title='Features',\n",
    "                  yaxis_title='Features')\n",
    "\n",
    "# Show the plot\n",
    "fig.show()"
   ]
  },
  {
   "cell_type": "code",
   "execution_count": 6,
   "metadata": {},
   "outputs": [
    {
     "name": "stdout",
     "output_type": "stream",
     "text": [
      "cadastral_income                  59.550264\n",
      "surface_land_sqm                  48.014197\n",
      "construction_year                 44.220047\n",
      "primary_energy_consumption_sqm    35.182953\n",
      "nbr_frontages                     34.890281\n",
      "latitude                          18.670128\n",
      "longitude                         18.670128\n",
      "terrace_sqm                       17.401438\n",
      "total_area_sqm                    10.084623\n",
      "garden_sqm                         3.892148\n",
      "fl_floodzone                       0.000000\n",
      "state_building                     0.000000\n",
      "fl_terrace                         0.000000\n",
      "epc                                0.000000\n",
      "heating_type                       0.000000\n",
      "fl_double_glazing                  0.000000\n",
      "fl_swimming_pool                   0.000000\n",
      "fl_garden                          0.000000\n",
      "id                                 0.000000\n",
      "fl_open_fire                       0.000000\n",
      "fl_furnished                       0.000000\n",
      "price                              0.000000\n",
      "nbr_bedrooms                       0.000000\n",
      "zip_code                           0.000000\n",
      "locality                           0.000000\n",
      "province                           0.000000\n",
      "region                             0.000000\n",
      "subproperty_type                   0.000000\n",
      "property_type                      0.000000\n",
      "equipped_kitchen                   0.000000\n",
      "dtype: float64\n"
     ]
    }
   ],
   "source": [
    "missing_proportion = data.isnull().mean()\n",
    "missing_proportion_sorted = missing_proportion.sort_values(ascending=False) * 100\n",
    "print(missing_proportion_sorted)\n"
   ]
  },
  {
   "cell_type": "code",
   "execution_count": 9,
   "metadata": {},
   "outputs": [],
   "source": [
    "missing_lines = data[data['region'] == 'MISSING']\n",
    "data = data.drop(missing_lines.index)\n"
   ]
  },
  {
   "cell_type": "code",
   "execution_count": 12,
   "metadata": {},
   "outputs": [
    {
     "data": {
      "text/html": [
       "<div>\n",
       "<style scoped>\n",
       "    .dataframe tbody tr th:only-of-type {\n",
       "        vertical-align: middle;\n",
       "    }\n",
       "\n",
       "    .dataframe tbody tr th {\n",
       "        vertical-align: top;\n",
       "    }\n",
       "\n",
       "    .dataframe thead th {\n",
       "        text-align: right;\n",
       "    }\n",
       "</style>\n",
       "<table border=\"1\" class=\"dataframe\">\n",
